10.8159
13.6259
11.0081
12.9921
18.4167
19.13
18.2793
19.703
18.1328
17.9787
18.398
14.4872
16.421
16.9393
18.1576
14.6821
11.9363
14.0155
19.3065
14.6721
13.7844
15.176
12.2776
18.9927
19.8585
11.3699
14.5848
16.8913
12.7902
14.0928
17.3993
10.3126
13.0393
11.9265
18.1319
12.7487
17.1776
14.0863
17.8507
17.2229
15.7706
16.3294
17.986
10.0028
16.2779
13.4643
14.7186
14.9221
15.2962
13.1855
18.5792
11.38
13.9914
13.8691
18.4644
10.5613
14.5688
17.6553
12.9249
19.6192
20
19.9909
17.4162
13.4978
17.9658
11.99
16.0073
15.4282
12.5169
12.0162
15.7562
15.1376
17.477
16.0802
19.8964
17.9845
15.5478
11.4667
11.0701
15.2378
12.463
15.7163
13.3437
16.7871
10.6937
18.4464
18.7626
13.3207
11.454
17.4407
16.6189
14.0278
15.8503
15.5545
14.9412
16.145
19.2483
16.1393
12.5638
10.3966
16.2071
13.4349
10.2417
11.7139
16.1072
14.2385
15.6844
17.3037
13.7397
13.6564
13.7628
10.8661
15.8312
14.1817
11.1081
13.2526
16.8516
15.6398
18.7187
15.3186
19.7454
10.6024
14.7534
11.1013
19.9218
15.4952
16.987
11.2724
14.7498
10.5935
14.4511
19.1798
14.3951
18.5851
19.9718
15.493
11.2428
18.4633
11.9026
16.6435
16.5627
19.7319
14.5762
11.5935
11.3919
12.8333
19.7296
15.9796
18.5221
10.6289
19.2562
19.4939
14.6667
12.8223
14.6025
14.3082
18.6614
11.9863
13.8477
17.592
18.1422
16.7274
17.2159
16.8336
13.1399
11.6848
16.8804
19.2094
11.6576
10.0382
11.7631
11.7815
11.9805
16.6827
16.7445
15.1748
13.234
14.6697
13.2082
10.9364
18.7044
14.4512
11.4777
16.5205
19.4198
18.8235
16.6093
12.0391
11.7035
10.1607
11.6541
11.0908
13.6119
15.6113
19.6384
12.4549
10.2386
10.3004
18.8617
18.8635
19.1322
15.474
11.7258
14.8705
18.1442
19.3661
15.8306
15.4891
14.7175
17.5334
13.3231
11.7246
15.1296
13.8043
18.2816
19.6704
10.0478
13.0139
14.5457
18.9045
18.4353
12.5036
17.3391
18.3956
14.2296
17.0848
14.0587
15.263
15.2556
10.9153
14.0369
17.8213
12.6479
13.0786
11.8497
17.5663
16.2067
16.4535
13.2731
11.5423
11.8436
14.552
15.3318
11.6243
19.2577
14.0906
10.3119
11.6729
15.6506
19.8543
11.4026
13.3357
13.0912
13.5433
11.6287
13.2215
13.7958
16.4138
16.0231
10.3768
13.351
10.7821
15.4403
14.9112
12.8787
12.5272
14.3932
16.5861
13.2558
10.0166
19.727
11.0087
13.1838
19.5552
13.4927
11.6541
19.8549
11.1644
10.4188
19.6096
17.8528
12.2039
11.0146
12.5456
14.3751
12.4301
12.8259
15.4923
18.823
18.5165
16.7047
15.5761
17.5783
19.02
18.5338
17.597
12.3395
19.9829
12.6128
13.7504
12.995
17.4552
19.9183
17.6631
14.2861
16.4167
14.638
11.0247
11.8188
18.6336
15.0336
19.3098
18.9804
12.9117
16.2914
19.754
15.4405
18.3067
10.5481
11.8962
19.7529
17.6521
18.6988
10.3234
15.1844
13.7544
19.6967
11.9315
12.2857
15.9695
18.965
15.4948
10.8477
17.7698
17.7109
17.084
10.5194
18.8356
10.7164
19.9466
12.6992
14.9977
16.8732
17.4843
19.4465
16.8971
19.1177
11.7123
18.1533
12.8283
14.8188
19.1085
17.0318
13.9931
11.6844
19.0249
12.1006
15.4837
13.7278
12.6315
18.067
12.3583
16.5891
13.3561
15.2213
14.5288
16.0687
16.671
10.2177
18.192
13.7732
15.418
19.697
17.4628
17.9329
17.587
14.5323
14.0675
12.4423
17.0228
12.1382
16.6118
14.0705
12.7639
13.4315
13.0146
16.884
19.5429
17.7818
19.023
10.2166
19.7424
10.5375
14.0996
11.6355
17.9604
10.1158
16.0201
19.2147
11.0993
15.4502
10.7304
15.5652
13.8338
14.8143
13.9093
14.0867
15.5911
19.4108
16.9903
15.8964
10.1114
12.8276
13.8738
17.4579
15.6569
15.5431
12.6859
11.1716
11.6162
13.5431
18.0831
12.6573
11.9167
14.1445
16.4815
15.2966
10.7285
14.6995
13.7896
10.9886
14.9325
11.3281
12.1625
14.3829
13.5313
19.9381
18.9215
13.4994
14.3915
18.0163
19.8217
13.0122
15.7664
15.5192
11.4324
15.0654
14.9984
17.2964
10.826
12.1706
11.7293
13.8522
13.7462
12.6436
11.6468
18.565
12.4543
18.9337
17.9116
19.642
12.5075
12.8408
15.4981
17.189
15.1529
14.8648
13.5187
18.5848
14.1221
10.204
19.1569
19.5952
15.6863
19.9788
14.0052
15.8766
18.0635
14.0823
10.4341
15.4544
11.301
15.747
19.6922
16.8134
12.0721
15.6386
18.3068
12.9287
13.0606
19.7798
19.8492
15.8371
13.3287
15.2157
10.8239
18.0774
16.8166
15.9476
12.0415
12.004
11.6394
12.8079
11.9746
17.9305
18.7183
17.892
10.9075
11.6001
12.4703
17.6144
15.1707
13.9179
18.6799
13.3269
15.967
17.8021
19.8673
19.5435
18.228
17.7704
16.8643
18.4195
16.28
17.6839
13.9666
15.8526
14.2005
18.016
14.7776
16.9077
18.1362
15.5092
12.9479
15.8699
14.7432
18.9864
14.2924
12.5992
14.6403
10.0004
16.5806
10.9184
15.6231
16.7904
16.6762
17.4526
16.5247
19.8199
12.7969
17.8277
10.0518
10.8681
10.592
19.2677
12.1466
17.8136
12.5366
12.8659
17.3816
12.9586
14.7319
19.0997
19.2306
18.9179
12.5065
17.5241
16.8391
14.6811
14.7392
12.0875
15.0639
18.9777
18.3507
19.5871
19.731
19.1844
11.487
12.6289
13.9649
17.7145
17.7062
17.7572
14.5448
14.1867
16.3632
16.471
17.42
18.2949
12.7214
17.8022
11.8041
11.2
17.8771
19.9185
10.7726
14.2493
18.4112
16.3354
19.4481
14.3035
19.4596
17.9856
13.7718
12.4679
18.287
10.416
12.286
10.94
18.6143
10.4349
19.5465
18.2423
18.6901
15.1197
17.501
19.983
14.1746
12.116
14.0371
11.089
13.6206
10.9688
12.0393
13.8709
18.2358
18.9921
19.6584
18.1707
14.1684
18.1744
17.2496
14.5852
14.151
15.9271
16.0336
16.6752
19.8743
17.391
10.042
16.2546
11.3018
18.961
16.7783
13.2833
12.3683
14.5146
16.8074
12.5883
11.4599
17.0385
15.9878
16.9097
10.7371
18.7965
12.0296
12.1674
17.326
17.8562
19.5821
17.1546
17.4048
11.9523
12.1545
10.2046
18.3916
17.6083
12.1862
14.202
12.707
16.7685
18.3585
10.5049
16.2281
16.3369
14.5773
11.0952
17.2523
10.1752
14.1284
15.3817
11.0226
16.4035
14.3577
10.278
12.4248
13.299
16.3184
13.7577
15.4464
17.6885
10.7894
17.6272
10.4826
11.8459
14.7033
18.3848
13.3845
13.6835
18.538
17.8671
12.7856
18.153
17.0333
18.9789
18.7038
14.1282
11.8198
15.5444
15.3093
13.5097
17.2529
19.7199
12.3533
11.4085
12.3775
18.0156
18.223
14.0102
18.6789
16.0237
10.3866
17.5513
14.8771
19.786
13.5525
17.2988
11.6504
18.7888
13.1033
16.7758
11.5037
12.8785
19.0671
10.2217
15.9171
19.446
18.2933
15.6811
12.1134
10.3038
15.8212
16.4165
11.5506
10.6826
13.0753
15.7431
13.6861
12.1003
10.3497
17.5695
10.6523
12.7535
17.7059
13.7421
13.0287
13.5443
19.6725
16.2228
16.9783
13.4659
11.5443
15.1601
15.6546
16.9642
16.8899
18.0767
14.5884
17.3613
11.618
13.2784
10.1246
14.4064
18.0549
19.331
15.6349
15.6706
15.7565
19.8779
17.2845
11.1117
15.1083
14.4449
14.7478
15.4499
15.8518
11.4849
17.2562
15.2546
13.4519
15.8779
10.3296
19.0895
17.5757
15.0797
14.0914
14.6321
11.6253
16.9328
10.3467
16.9276
11.7173
12.5073
19.4703
17.4343
18.2009
12.8871
13.3264
16.5555
18.3503
14.2431
14.4139
14.3143
10.5905
13.8315
16.4429
15.1801
12.0889
17.3783
16.8885
15.1332
13.6702
15.023
11.2372
14.1559
18.1323
10.2913
15.4056
11.1595
17.3289
16.3203
15.4968
15.1078
17.0682
15.1209
17.2095
19.7565
17.053
19.4647
13.822
16.3017
11.8436
14.8874
13.0414
16.8684
17.0023
18.4944
14.9026
18.0051
11.7924
14.4983
12.3401
10.2347
15.2769
18.718
13.3893
14.5872
16.7461
11.8764
15.9674
13.5716
18.2093
14.231
10.5187
18.4501
11.3869
19.2401
18.5606
18.2014
10.2225
19.7491
12.7558
17.3595
10.9917
18.2905
17.8217
10.1236
17.9738
16.0534
10.1723
15.4719
16.2682
10.2905
13.1199
15.7704
13.2062
16.5162
18.1429
17.3563
17.3706
16.8657
11.2975
17.5423
13.1618
10.0322
11.041
15.694
18.8381
12.1179
16.1613
12.4096
18.7821
10.8868
13.7696
15.9367
18.038
13.8976
16.4787
17.9783
10.6307
19.8094
15.9189
19.6158
13.3128
18.6376
12.507
14.7273
11.5885
18.7075
17.1476
10.3975
10.7198
17.9016
11.8588
10.4131
12.3786
16.8264
11.9276
16.5142
13.444
12.7342
13.1701
10.2273
19.8014
12.2834
16.6218
12.2121
19.289
10.6175
17.8624
12.8849
16.5124
13.8461
11.8116
17.4066
12.5719
15.3353
10.2429
12.8217
14.8372
19.3485
19.6767
15.8707
18.8548
13.4568
18.6928
10.0656
11.9184
13.1197
12.2577
15.1007
18.1795
12.2042
15.4371
11.919
11.8306
16.4467
18.9365
14.9493
12.7948
11.3907
13.5177
11.8377
16.9323
10.8235
10.4316
13.6052
12.4402
12.9682
15.7068
13.8415
13.511
18.6668
12.8928
19.1874
13.2074
17.4711
16.6245
17.9383
19.3393
15.1608
17.9501
18.0909
13.0753
15.7799
13.2291
11.0014
10.5918
16.9032
11.95
